50 1
1 33
1 47
1 27
1 2
1 40
1 50
1 3
1 15
1 44
1 26
1 16
1 43
1 45
1 29
1 42
1 34
1 36
1 32
1 9
33 14
33 35
33 41
33 47
33 15
33 2
33 6
33 18
33 4
33 12
33 36
33 13
33 9
33 23
47 15
47 6
47 21
47 26
47 18
47 8
47 3
47 31
47 45
47 11
47 24
47 13
47 9
47 23
15 19
15 42
15 2
15 40
15 8
15 22
15 21
15 4
15 29
15 32
15 9
15 23
14 44
14 7
14 38
14 18
14 50
14 17
14 20
14 46
14 21
14 43
14 45
14 37
14 42
14 12
14 36
14 32
14 9
35 16
35 17
35 19
35 27
35 38
35 8
35 48
35 31
35 20
35 22
35 4
35 10
35 41
35 11
35 12
35 28
35 24
35 9
19 30
19 10
19 12
19 28
19 26
19 6
19 48
19 45
19 37
19 11
19 36
19 32
19 9
27 39
27 22
27 7
27 18
27 31
27 17
27 20
27 4
27 37
27 28
27 36
27 23
2 26
2 46
2 30
2 44
2 39
2 21
2 45
2 11
2 12
2 28
30 49
30 48
30 43
30 26
30 16
30 38
30 18
30 50
30 34
30 24
30 32
30 23
49 20
49 44
49 26
49 40
49 8
49 48
49 3
49 41
49 42
49 13
49 9
49 23
44 7
44 26
44 6
44 17
44 46
44 41
44 42
44 5
44 11
44 12
44 24
44 23
7 31
7 13
7 26
7 16
7 6
7 48
7 3
7 20
7 22
7 45
7 41
7 34
7 25
7 28
7 36
7 24
7 32
7 9
26 37
26 34
26 40
26 50
26 17
26 20
26 22
26 21
26 41
26 12
26 13
26 23
16 18
16 50
16 17
16 22
16 45
16 12
16 28
16 24
16 32
16 23
39 8
39 22
39 46
39 4
39 43
39 10
39 37
39 29
39 11
39 24
39 32
39 9
6 38
6 5
6 31
6 17
6 21
6 43
6 29
40 18
40 8
40 31
40 20
40 5
40 12
40 25
40 24
40 32
40 13
38 8
38 50
38 17
38 22
38 4
38 10
38 37
38 29
38 36
18 29
18 11
18 8
18 48
18 22
18 12
18 24
18 32
18 9
18 23
8 23
8 46
8 45
8 41
8 34
8 5
8 24
8 13
50 48
50 17
50 20
50 37
50 34
50 5
50 28
50 24
48 10
48 45
48 42
48 5
48 36
48 13
3 4
3 45
3 31
3 17
3 22
3 43
3 10
3 37
3 32
3 9
31 36
31 20
31 22
31 46
31 43
31 45
31 37
31 34
31 11
31 12
31 24
17 32
17 21
17 10
17 29
17 36
17 24
20 46
20 37
20 29
20 11
20 25
20 13
22 4
22 45
22 42
22 28
22 36
46 4
46 10
46 45
46 42
46 34
46 25
46 28
46 36
46 13
21 4
21 43
21 37
21 29
21 5
21 11
21 25
21 32
21 9
4 25
4 43
4 10
4 37
4 5
4 11
4 12
4 36
4 24
4 32
43 45
43 29
43 11
43 12
43 24
43 13
10 45
10 29
10 42
10 12
10 25
10 28
10 36
45 42
45 11
45 25
45 36
45 24
45 13
45 9
45 23
37 24
37 34
37 11
37 12
37 25
37 36
37 23
41 9
41 29
41 42
41 11
41 12
41 25
41 24
41 32
29 28
29 32
42 34
42 11
42 12
34 12
34 25
34 36
34 32
34 9
5 11
5 12
5 25
5 23
11 13
12 28
12 24
12 32
25 24
25 9
25 23
28 9
28 23
24 32
9 23
