50 1
27 12
27 2
27 25
27 11
27 32
27 4
27 18
27 9
27 21
27 28
27 8
27 5
27 35
27 37
27 49
27 10
27 16
27 26
27 6
12 13
12 46
12 15
12 2
12 21
12 32
12 50
12 38
12 18
12 3
12 41
12 19
12 43
12 49
12 48
12 20
12 7
12 10
12 16
12 47
12 45
12 40
2 29
2 49
2 33
2 28
2 5
2 41
2 43
2 35
2 14
2 31
2 48
2 7
2 16
2 47
2 22
2 45
25 21
25 35
25 50
25 18
25 3
25 5
25 19
25 43
25 34
25 37
25 46
25 30
25 48
25 20
25 26
25 24
25 22
25 45
25 6
11 21
11 32
11 4
11 8
11 18
11 1
11 41
11 43
11 34
11 30
11 49
11 31
11 20
11 26
11 24
11 6
11 42
11 33
13 28
13 39
13 40
13 21
13 1
13 43
13 14
13 46
13 44
13 47
21 23
21 50
21 44
21 28
21 32
21 4
21 5
21 19
21 43
21 35
21 14
21 37
21 46
21 17
21 9
21 26
21 24
21 22
23 47
23 32
23 50
23 38
23 8
23 39
23 3
23 1
23 41
23 37
23 46
23 15
23 30
23 49
23 7
23 10
23 40
23 33
28 38
28 3
28 50
28 29
28 4
28 8
28 1
28 19
28 34
28 14
28 20
28 44
28 26
28 24
28 22
32 5
32 41
32 43
32 34
32 35
32 14
32 49
32 31
32 48
32 20
32 7
32 6
32 33
50 34
50 29
50 18
50 19
50 46
50 17
50 49
50 20
50 7
50 16
50 47
50 40
50 42
29 8
29 1
29 43
29 41
29 34
29 14
29 46
29 17
29 15
29 30
29 31
29 7
29 22
29 45
29 6
29 33
38 22
38 8
38 1
38 41
38 14
38 46
38 15
38 20
38 44
38 16
38 24
4 8
4 3
4 1
4 43
4 14
4 31
4 44
4 9
4 47
4 45
4 36
4 40
8 37
8 17
8 18
8 41
8 43
8 35
8 49
8 20
8 45
8 6
8 40
39 3
39 1
39 5
39 14
39 37
39 15
39 10
39 47
39 36
18 15
18 20
18 44
18 10
18 22
18 36
18 42
18 33
3 19
3 42
3 37
3 46
3 17
3 49
3 48
3 44
3 10
3 47
3 26
3 24
3 22
3 45
3 6
3 33
1 19
1 43
1 34
1 15
1 49
1 20
1 10
1 47
1 22
1 45
1 6
1 42
1 33
5 14
5 31
5 43
5 35
5 17
5 15
5 49
5 20
5 47
5 6
5 33
41 43
41 37
41 46
41 15
41 49
41 20
41 44
41 6
41 36
41 40
19 37
19 46
19 17
19 30
19 49
19 31
19 48
19 20
19 7
19 44
19 47
43 15
43 30
43 49
43 31
43 44
43 10
43 16
43 47
43 24
43 22
43 36
43 42
43 33
34 45
34 36
34 35
34 6
35 48
35 10
35 26
35 6
35 15
35 30
35 49
35 31
35 20
35 22
35 42
35 33
14 37
14 30
14 49
14 44
14 10
14 45
14 36
14 33
37 30
37 46
37 42
46 45
17 20
17 31
17 48
17 44
17 16
17 47
17 24
15 7
15 16
15 24
15 22
15 42
30 9
30 26
30 40
30 33
49 7
49 45
49 6
31 48
31 16
31 47
31 26
31 24
31 45
48 24
48 7
48 44
48 45
48 6
48 40
48 42
48 33
20 16
20 10
20 26
7 16
7 22
7 40
7 33
44 47
44 45
44 6
44 36
10 47
10 26
10 24
10 45
10 36
10 40
10 33
9 16
9 26
16 47
16 24
16 40
16 33
47 45
47 36
47 40
24 22
24 45
24 42
22 33
45 6
45 36
45 42
36 40
40 42
