50 1
28 3
28 1
28 14
28 45
28 39
28 44
28 18
28 29
28 17
28 31
28 21
28 11
28 46
28 49
28 20
28 41
3 18
3 34
3 41
3 29
3 24
3 40
3 15
3 27
3 49
3 25
1 30
1 33
1 14
1 19
1 18
1 29
1 22
1 2
1 17
1 35
1 24
1 8
1 50
1 12
1 44
1 46
1 23
1 34
1 7
1 43
1 41
14 6
14 10
14 26
14 33
14 19
14 48
14 17
14 35
14 24
14 11
14 16
14 47
14 32
14 13
45 2
45 49
45 33
45 10
45 42
45 24
45 8
45 50
45 26
45 32
45 46
45 27
45 23
6 48
6 29
6 18
6 2
6 38
6 35
6 36
6 11
6 46
6 49
6 25
6 34
6 20
6 41
30 19
30 35
30 48
30 29
30 22
30 8
30 40
30 5
30 36
30 21
30 50
30 47
30 26
30 46
30 27
30 49
30 43
33 37
33 29
33 22
33 2
33 38
33 42
33 8
33 4
33 11
33 47
33 44
33 26
33 13
33 27
33 49
33 23
33 34
19 22
19 11
19 37
19 31
19 36
19 21
19 50
19 9
19 4
19 32
19 13
19 15
19 34
19 20
18 38
18 40
18 25
18 22
18 31
18 8
18 5
18 36
18 4
18 16
18 47
18 13
18 34
18 43
10 31
10 24
10 5
10 36
10 21
10 12
10 46
10 49
10 25
10 41
48 39
48 29
48 22
48 2
48 24
48 8
48 5
48 36
48 21
48 26
48 32
48 27
48 25
48 23
39 46
39 23
39 29
39 37
39 42
39 24
39 21
39 11
39 44
39 15
39 34
39 20
39 41
29 22
29 24
29 36
29 21
29 16
22 5
22 50
22 9
22 37
22 38
22 35
22 24
22 36
22 11
22 44
22 32
22 46
22 13
22 49
22 7
2 17
2 42
2 37
2 31
2 5
2 36
2 9
2 4
2 11
2 47
2 25
2 23
2 34
2 43
2 41
17 35
17 31
17 24
17 36
17 9
17 49
17 23
37 31
37 8
37 43
37 35
37 36
37 21
37 12
37 32
37 46
37 13
37 25
37 23
37 20
38 24
38 8
38 21
38 50
38 12
38 16
38 32
38 20
35 12
35 24
35 40
35 50
35 9
35 4
35 46
35 27
35 49
35 23
31 5
31 11
31 47
31 13
31 41
42 15
42 24
42 40
42 16
42 47
42 26
42 13
42 49
42 34
42 20
42 41
24 20
24 40
24 21
24 12
24 9
24 4
24 26
24 32
24 34
24 43
8 36
8 16
8 5
8 4
8 11
8 46
8 15
8 27
8 23
8 34
40 21
40 5
40 12
40 11
40 44
40 26
40 46
40 20
40 41
5 36
5 50
5 9
5 16
5 47
5 26
5 13
5 23
5 34
5 20
5 41
36 47
36 27
36 50
36 4
36 11
36 44
36 26
36 46
36 23
36 41
21 7
21 4
21 26
21 32
21 46
21 43
50 12
50 9
50 16
50 47
50 49
50 43
50 41
12 13
12 9
12 4
12 11
12 16
12 44
12 27
12 49
12 25
12 34
12 43
9 4
9 47
9 26
9 46
9 27
9 34
9 20
4 16
4 47
4 44
4 26
4 15
4 34
4 41
11 16
11 47
11 46
11 27
11 34
11 20
16 13
16 49
16 34
16 7
47 26
47 43
44 26
44 32
44 13
44 25
44 20
44 43
26 32
26 13
26 27
26 49
26 7
26 41
32 46
32 49
32 23
32 7
32 43
32 41
46 15
46 27
46 25
46 43
13 15
13 27
13 49
13 25
15 49
15 34
15 41
27 25
49 34
49 43
25 23
25 7
23 34
23 7
23 43
23 41
34 7
7 43
20 41
