50 1
28 24
28 31
28 2
28 11
28 46
28 32
28 3
28 42
28 29
28 20
28 1
28 26
28 4
28 37
28 50
28 48
28 18
28 35
28 30
28 12
28 13
28 40
24 3
24 23
24 26
24 21
24 10
24 31
24 42
24 1
24 4
24 22
24 45
24 35
24 8
24 6
24 44
3 49
3 42
3 36
3 2
3 23
3 20
3 43
3 26
3 9
3 11
3 21
3 34
3 47
3 48
3 18
3 8
3 13
3 39
3 25
3 14
49 10
49 1
49 9
49 38
49 36
49 2
49 23
49 15
49 33
49 20
49 22
49 34
49 46
49 12
49 14
10 29
10 4
10 31
10 42
10 36
10 2
10 15
10 33
10 1
10 9
10 22
10 47
10 50
10 6
10 13
10 25
31 44
31 42
31 38
31 36
31 26
31 22
31 16
31 21
31 19
31 50
31 48
31 39
31 25
31 32
31 14
42 27
42 38
42 36
42 15
42 1
42 4
42 11
42 19
42 34
42 47
42 37
42 46
42 50
42 45
42 18
42 13
42 44
42 39
42 41
42 14
27 20
27 2
27 17
27 1
27 11
27 34
27 50
27 35
27 8
27 6
27 12
27 13
27 7
27 39
27 41
27 14
38 43
38 36
38 23
38 20
38 4
38 11
38 16
38 19
38 34
38 37
38 46
38 50
38 45
38 6
38 30
38 7
38 5
36 19
36 2
36 29
36 15
36 43
36 26
36 22
36 34
36 47
36 48
36 39
36 41
36 32
2 29
2 33
2 43
2 26
2 16
2 19
2 50
2 35
2 8
2 30
2 44
2 7
2 39
2 5
2 41
2 14
23 17
23 22
23 7
23 1
23 43
23 26
23 16
23 37
23 46
23 35
23 13
23 32
23 14
29 15
29 33
29 43
29 16
29 19
29 47
29 37
29 12
29 14
17 33
17 6
17 15
17 22
17 21
17 7
17 41
17 32
15 26
15 22
15 16
15 19
15 50
15 45
15 48
15 18
15 30
15 12
33 41
33 34
33 35
33 6
33 44
33 5
20 50
20 43
20 16
20 46
20 18
20 13
20 7
20 40
20 32
1 16
1 45
1 26
1 4
1 47
1 48
1 18
1 8
1 6
1 12
1 13
1 5
1 14
43 26
43 11
43 21
43 46
43 48
43 12
43 5
43 41
43 40
26 37
26 9
26 22
26 16
26 21
26 50
26 18
26 8
26 13
26 39
26 14
9 34
9 50
9 35
9 44
9 5
9 41
9 40
9 32
4 48
4 19
4 34
4 45
4 18
4 39
4 25
4 14
11 8
11 25
11 19
11 34
11 48
11 6
11 13
11 44
11 7
11 39
11 14
22 34
22 12
22 48
22 35
22 6
22 7
22 5
16 47
16 21
16 46
16 35
16 30
16 7
16 25
16 32
16 14
21 19
21 37
21 46
21 48
21 6
21 13
21 44
21 7
21 41
19 14
19 48
19 8
19 12
19 44
19 7
19 39
19 5
19 25
34 50
34 48
34 8
34 30
34 40
34 32
47 39
47 40
47 37
47 35
47 30
47 7
47 41
47 32
47 14
37 46
37 30
37 44
37 39
37 25
37 41
37 32
46 18
46 30
46 44
46 7
46 5
46 40
50 45
50 18
50 7
50 14
45 18
45 35
45 12
45 44
45 5
48 30
48 12
48 13
48 40
48 32
48 14
18 8
18 30
18 39
18 5
18 14
35 6
35 30
35 13
35 5
35 40
8 13
8 6
8 12
8 40
6 44
6 25
6 40
30 44
30 7
12 39
13 44
13 7
13 41
44 5
44 7
44 14
7 39
7 25
39 5
5 40
25 32
41 40
41 32
40 32
