50 1
25 29
25 31
25 10
25 21
25 27
25 30
25 44
25 5
25 6
25 20
25 12
25 32
25 22
29 39
29 34
29 17
29 6
29 35
29 41
29 47
29 38
29 24
29 11
29 12
29 36
29 30
29 1
29 43
29 18
29 28
31 7
31 26
31 38
31 24
31 15
31 9
31 19
31 36
31 32
31 3
31 13
31 22
31 42
39 44
39 47
39 24
39 7
39 9
39 40
39 19
39 33
39 32
39 50
39 14
39 37
7 41
7 49
7 46
7 3
7 34
7 24
7 8
7 9
7 40
7 45
7 33
7 48
7 12
7 43
7 50
7 2
7 18
44 41
44 5
44 15
44 6
44 11
44 45
44 33
44 3
44 13
44 23
44 43
10 5
10 8
10 41
10 17
10 6
10 19
10 33
10 36
10 32
10 3
10 13
10 50
10 42
10 16
41 12
41 50
41 47
41 17
41 9
41 6
41 21
41 33
41 48
41 20
41 35
41 1
41 23
41 2
41 14
41 37
49 46
49 17
49 40
49 21
49 48
49 26
49 13
49 23
49 22
49 2
49 37
47 15
47 9
47 11
47 14
47 34
47 17
47 24
47 8
47 40
47 45
47 33
47 48
47 36
47 1
47 26
47 23
47 43
47 18
47 16
34 38
34 24
34 40
34 21
34 48
34 20
34 12
34 30
34 32
34 1
34 43
34 22
34 28
34 16
46 5
46 24
46 15
46 40
46 45
46 48
46 36
46 32
46 26
46 23
46 50
46 2
46 18
46 28
5 17
5 15
5 40
5 11
5 45
5 20
5 12
5 36
5 13
5 22
5 42
5 4
5 18
5 28
5 37
17 40
17 43
17 24
17 9
17 20
17 12
17 35
17 30
17 32
17 1
17 42
17 2
17 16
17 37
38 24
38 11
38 48
38 36
38 30
38 32
38 23
38 43
38 4
38 18
38 14
24 40
24 6
24 11
24 36
24 35
24 3
24 43
24 4
8 9
8 19
8 45
8 27
8 33
8 48
8 20
8 36
8 35
8 30
8 32
8 13
15 19
15 21
15 20
15 12
15 30
15 3
15 50
15 22
15 18
15 28
9 6
9 11
9 21
9 27
9 20
9 30
9 1
9 26
9 13
9 50
9 28
40 4
40 28
40 19
40 27
40 42
6 48
6 20
6 36
6 11
6 21
6 33
6 35
6 1
6 23
6 22
6 2
6 18
6 16
11 16
11 19
11 45
11 3
11 43
11 50
11 18
11 14
21 45
21 19
21 12
21 35
21 23
21 50
21 4
21 2
19 33
19 20
19 12
19 30
19 26
19 16
45 48
45 12
45 36
45 42
45 18
45 28
45 14
27 13
27 2
27 35
27 30
27 3
27 18
27 28
33 37
33 12
33 32
33 43
33 18
48 20
48 12
48 13
48 50
48 37
20 3
20 43
20 2
20 18
20 28
20 14
12 1
12 42
12 35
12 32
12 13
12 50
12 22
12 2
12 37
36 32
36 28
36 14
35 32
35 26
35 50
35 22
35 14
35 37
30 18
30 32
30 1
30 3
30 13
30 23
30 43
30 16
32 23
32 4
32 2
32 18
1 4
1 2
3 22
3 18
3 28
26 23
26 42
26 2
13 23
13 43
13 42
13 4
13 2
13 18
13 37
23 22
23 42
23 4
23 2
43 22
43 42
43 2
43 28
50 4
50 28
50 14
4 18
2 28
28 16
28 14
