50 1
3 6
3 10
3 49
3 37
3 7
3 30
3 38
3 8
3 9
3 14
3 43
3 20
3 16
3 22
3 33
3 15
3 18
3 39
3 45
6 10
6 49
6 30
6 23
6 34
6 41
6 37
6 50
6 9
6 26
6 16
6 22
6 5
6 2
6 48
6 24
6 42
6 45
10 31
10 32
10 25
10 17
10 49
10 47
10 8
10 36
10 9
10 43
10 16
10 5
10 19
10 46
10 27
49 13
49 32
49 23
49 34
49 38
49 37
49 36
49 9
49 26
49 7
49 40
49 44
49 18
49 11
49 12
31 30
31 34
31 24
31 42
31 32
31 38
31 8
31 36
31 14
31 16
31 35
31 2
31 18
31 12
31 27
32 4
32 47
32 23
32 25
32 41
32 38
32 20
32 15
32 18
32 28
32 46
32 11
32 24
32 12
30 21
30 44
30 25
30 34
30 41
30 36
30 35
30 17
30 15
30 11
30 24
30 12
30 45
13 23
13 36
13 4
13 34
13 38
13 9
13 14
13 20
13 16
13 40
13 35
13 48
13 17
13 19
13 28
13 39
23 38
23 41
23 29
23 50
23 20
23 26
23 22
23 5
23 18
23 11
4 20
4 15
4 38
4 8
4 9
4 16
4 40
4 35
4 17
4 39
25 41
25 16
25 34
25 38
25 8
25 36
25 29
25 50
25 14
25 43
25 35
25 24
25 45
34 43
34 20
34 40
34 44
34 18
34 19
34 11
34 27
34 45
41 8
41 21
41 37
41 36
41 9
41 14
41 26
41 16
41 22
41 44
41 19
41 42
47 37
47 29
47 20
47 16
47 7
47 40
47 22
47 5
47 44
47 1
47 46
47 24
47 45
38 50
38 26
38 9
38 48
38 17
38 19
21 29
21 28
21 8
21 50
21 26
21 40
21 35
21 2
21 48
21 17
21 11
21 24
21 27
8 50
8 9
8 26
8 35
8 22
8 33
8 2
8 44
8 24
37 22
37 45
36 9
36 29
36 14
36 26
36 16
36 35
36 33
36 5
36 2
36 15
36 12
29 26
29 7
29 33
29 2
29 11
29 24
29 12
50 40
50 20
50 26
50 7
50 35
50 22
50 24
50 27
9 14
9 35
9 19
9 39
9 16
9 40
9 22
9 33
9 44
9 28
9 24
14 5
14 43
14 16
14 7
14 33
14 2
14 48
14 15
14 19
14 28
14 11
14 27
14 42
43 33
43 40
43 2
43 44
43 18
43 24
43 12
43 27
20 26
20 7
20 2
20 48
20 15
26 12
26 16
26 35
26 5
26 17
26 28
16 2
16 48
16 44
16 19
16 28
16 1
16 12
16 42
7 2
7 27
7 5
7 44
7 19
7 11
7 12
40 48
40 15
40 46
40 12
40 42
35 48
35 44
35 39
35 12
35 42
35 45
22 33
22 2
22 44
22 11
22 12
22 27
33 48
33 28
33 1
33 46
33 12
33 42
5 48
5 2
5 17
5 28
5 46
5 45
2 46
2 15
2 28
2 12
48 44
48 28
48 45
44 15
44 46
44 11
44 12
44 27
17 18
17 45
17 19
17 12
18 1
18 19
18 27
18 42
19 11
19 28
19 24
19 42
19 45
28 24
28 12
28 27
28 42
1 24
1 39
1 42
1 45
46 27
46 45
11 12
11 42
12 27
12 45
27 42
