50 1
5 17
5 36
5 2
5 13
5 48
5 19
5 10
5 18
5 8
5 14
5 37
17 2
17 27
17 8
17 44
17 35
17 34
17 24
17 21
17 40
17 30
17 28
17 4
17 18
17 32
17 11
17 37
17 36
17 7
2 25
2 44
2 13
2 22
2 32
2 29
2 35
2 21
2 40
2 47
2 19
2 30
2 10
2 28
2 8
2 39
27 29
27 45
27 20
27 16
27 49
27 21
27 28
27 50
27 23
27 32
27 8
27 37
27 39
25 20
25 33
25 34
25 15
25 16
25 48
25 21
25 40
25 46
25 11
25 37
25 36
25 39
44 35
44 16
44 24
44 18
44 1
44 34
44 46
44 3
44 19
44 26
44 30
44 10
44 9
44 4
44 11
44 8
44 43
44 37
44 6
20 48
20 3
20 42
20 33
20 34
20 45
20 22
20 26
20 10
20 28
20 4
20 41
20 7
29 1
29 23
29 39
29 45
29 49
29 46
29 47
29 30
29 32
29 11
29 15
13 1
13 35
13 16
13 24
13 38
13 47
13 30
13 50
13 4
13 18
13 41
13 42
13 39
33 34
33 24
33 49
33 21
33 31
33 9
33 50
33 4
33 18
33 23
33 15
33 43
33 37
33 39
1 34
1 45
1 16
1 21
1 22
1 12
1 4
1 23
1 14
1 15
1 37
1 6
1 39
35 47
35 12
35 11
35 34
35 24
35 40
35 46
35 38
35 31
35 22
35 9
35 50
35 41
35 7
34 24
34 40
34 26
34 10
34 14
34 43
45 49
45 46
45 24
45 48
45 21
45 22
45 3
45 50
45 4
45 18
45 23
45 11
45 8
45 14
45 37
45 6
16 21
16 40
16 31
16 7
16 46
16 38
16 22
16 18
16 23
16 32
16 15
16 37
24 30
24 19
24 28
24 37
24 41
49 26
49 28
49 48
49 22
49 4
49 18
49 15
48 4
48 41
48 10
48 28
48 9
48 12
48 32
21 3
21 30
21 12
21 18
21 23
21 32
21 15
21 41
21 39
40 38
40 19
40 46
40 31
40 22
40 3
40 26
40 9
40 23
40 32
40 43
40 37
40 36
40 42
46 38
46 31
46 47
46 22
46 28
46 18
46 32
46 7
46 6
46 42
38 19
38 30
38 10
38 28
38 9
38 23
38 8
38 14
38 37
38 36
38 42
31 47
31 22
31 3
31 26
31 30
31 4
31 18
31 23
31 32
31 11
31 36
31 6
31 42
47 10
47 22
47 30
47 9
47 50
47 23
47 11
47 7
47 39
22 3
22 30
22 9
22 23
22 32
22 11
22 8
22 14
3 26
3 10
3 28
3 12
3 18
3 8
3 15
3 37
3 36
3 7
3 39
19 30
19 9
19 4
19 18
19 32
19 15
19 41
26 12
26 50
26 4
26 23
26 15
26 43
26 37
30 50
30 23
30 15
30 36
30 7
30 42
30 39
10 9
10 50
10 28
10 4
10 23
10 8
10 37
10 41
10 7
10 39
28 12
28 18
28 7
9 15
12 14
12 18
12 37
12 36
12 7
50 4
50 23
50 43
50 6
50 42
4 6
4 18
4 32
4 11
4 41
4 7
18 32
18 15
18 37
18 36
18 42
23 11
23 8
23 6
23 42
23 39
32 6
32 42
32 39
11 14
11 43
11 7
8 43
8 14
8 15
8 42
8 39
14 37
14 36
14 6
15 37
15 6
15 39
43 37
37 41
37 42
41 7
41 42
36 6
36 42
7 39
6 42
6 39
42 39
