50 1
38 10
38 45
38 47
38 17
38 11
38 3
38 34
38 41
38 27
38 2
38 35
38 36
38 49
38 14
38 50
38 19
38 21
38 16
10 41
10 37
10 45
10 34
10 27
10 23
10 17
10 44
10 36
10 7
10 50
10 19
10 30
10 8
10 16
45 43
45 27
45 34
45 1
45 18
45 35
45 24
45 20
45 36
45 26
45 6
45 5
45 3
45 4
45 48
43 34
43 6
43 4
43 41
43 27
43 46
43 2
43 25
43 49
43 19
43 21
43 33
43 8
34 23
34 1
34 36
34 21
34 47
34 18
34 9
34 7
34 42
34 25
34 39
34 5
34 40
34 30
34 12
47 7
47 17
47 15
47 22
47 42
47 13
47 6
47 3
47 40
47 19
47 31
47 21
47 33
47 48
41 15
41 44
41 35
41 25
41 2
41 1
41 24
41 49
41 14
41 31
41 4
41 33
41 8
41 16
41 48
27 24
27 20
27 2
27 36
27 7
27 39
27 40
27 19
27 4
27 29
27 16
23 46
23 37
23 2
23 1
23 15
23 24
23 22
23 36
23 11
23 26
23 5
23 14
23 19
23 31
23 21
23 4
23 8
23 16
23 48
37 49
37 46
37 2
37 18
37 14
37 3
37 19
37 4
37 12
37 8
37 29
37 16
17 2
17 1
17 18
17 44
17 32
17 36
17 11
17 25
17 49
17 50
17 40
17 31
17 33
17 12
17 48
46 18
46 40
46 15
46 44
46 9
46 22
46 42
46 6
46 14
46 19
46 16
46 48
2 9
2 15
2 35
2 24
2 42
2 13
2 6
2 5
2 30
2 8
2 29
1 28
1 44
1 9
1 25
1 13
1 5
1 49
1 19
1 4
1 12
15 26
15 18
15 24
15 20
15 36
15 7
15 11
15 13
15 49
15 14
15 50
15 40
15 19
18 32
18 42
18 5
18 14
18 24
18 22
18 26
18 25
18 49
18 50
18 29
18 16
44 22
44 13
44 30
44 32
44 20
44 26
44 25
44 39
44 3
44 19
44 21
44 4
44 12
44 8
44 29
44 16
44 48
35 39
35 33
35 9
35 36
35 7
35 11
35 50
35 3
35 4
35 8
35 16
24 22
24 42
24 26
24 39
24 40
24 19
24 33
24 8
9 39
9 49
9 3
9 21
9 8
9 29
32 26
32 50
32 12
32 29
20 36
20 7
20 25
20 40
20 21
20 30
20 4
20 33
20 8
22 7
22 11
22 25
22 5
22 49
22 40
22 31
22 29
22 16
22 48
36 12
36 26
36 13
36 50
36 40
36 19
36 8
7 11
7 26
7 25
7 39
7 49
7 50
7 19
7 31
7 12
11 6
11 40
11 31
11 30
11 33
11 16
42 48
42 5
42 14
42 19
42 21
42 33
42 12
42 16
26 8
26 39
26 14
26 50
26 40
26 21
26 30
26 33
25 6
25 14
25 3
25 28
25 30
25 4
25 33
25 12
25 48
13 5
13 49
13 50
13 3
13 19
13 21
13 33
13 29
6 19
6 14
6 40
39 19
39 21
39 30
39 4
39 48
5 40
5 19
5 28
5 21
5 30
5 4
5 16
5 48
49 50
49 3
49 40
49 31
49 28
49 12
49 48
14 19
14 28
14 21
14 30
14 12
14 8
50 31
50 3
50 40
50 30
50 8
3 16
3 31
3 21
3 8
40 28
40 4
40 29
40 48
19 21
19 12
19 8
19 48
31 28
31 30
31 33
31 16
28 4
28 29
28 48
21 30
21 29
21 16
30 29
30 8
4 33
33 12
33 16
33 48
12 8
8 16
8 48
