50 1
46 7
46 1
46 34
46 6
46 15
46 40
46 22
46 19
46 29
46 35
46 50
46 37
46 21
46 44
46 26
46 31
46 30
7 8
7 40
7 36
7 25
7 14
7 49
7 45
7 12
7 20
7 29
7 10
7 50
7 26
7 11
7 6
7 38
7 15
1 45
1 16
1 49
1 40
1 41
1 10
1 25
1 50
1 3
1 26
1 42
1 31
1 39
1 11
1 30
1 14
8 16
8 49
8 36
8 10
8 23
8 25
8 5
8 33
8 9
8 30
16 22
16 11
16 32
16 45
16 36
16 28
16 20
16 29
16 23
16 25
16 4
16 5
16 44
16 39
16 9
16 14
49 12
49 3
49 22
49 20
49 43
49 27
49 50
49 44
49 24
49 31
49 13
49 48
49 2
49 6
49 32
49 14
45 19
45 20
45 29
45 23
45 25
45 27
45 4
45 5
45 3
45 31
45 39
45 11
45 2
45 47
45 38
40 48
40 22
40 12
40 43
40 35
40 4
40 44
40 39
40 30
22 18
22 43
22 23
22 19
22 20
22 29
22 17
22 10
22 35
22 25
22 27
22 24
22 13
22 11
18 20
18 31
18 29
18 23
18 35
18 25
18 3
18 26
18 39
18 9
18 2
18 32
36 28
36 20
36 41
36 43
36 25
36 4
36 37
36 47
36 38
36 15
12 28
12 2
12 27
12 37
12 33
12 39
12 48
12 11
12 6
12 15
19 29
19 42
19 10
19 35
19 50
19 21
19 3
19 26
19 30
19 38
19 15
19 32
28 29
28 23
28 25
28 27
28 37
28 5
28 42
28 13
28 48
28 11
20 4
20 34
20 41
20 25
20 37
20 21
20 24
20 13
20 2
20 6
20 15
34 41
34 10
34 27
34 50
34 9
34 23
34 37
34 21
34 5
34 3
34 11
34 6
34 14
41 33
41 47
41 23
41 35
41 25
41 27
41 4
41 26
41 39
41 2
41 30
41 38
41 14
29 17
29 10
29 4
29 50
29 5
29 3
29 33
29 6
29 38
17 37
17 10
17 25
17 50
17 21
17 44
17 24
17 39
17 9
17 48
17 11
17 6
10 35
10 25
10 3
10 24
10 42
10 48
10 11
10 2
10 30
43 23
43 4
43 26
43 24
43 42
43 33
43 13
43 39
43 11
43 2
43 30
43 15
43 32
23 35
23 50
23 3
23 44
23 31
23 9
23 48
23 11
23 2
23 14
35 44
35 38
35 4
35 37
35 42
35 9
35 47
35 15
35 32
25 21
25 44
25 42
25 33
25 11
25 6
25 15
27 39
27 50
27 26
27 33
27 11
27 15
27 32
4 13
4 50
4 3
4 9
4 11
50 37
50 21
50 5
50 24
50 42
50 13
50 2
50 30
50 6
37 21
37 3
37 33
37 47
37 6
21 5
21 24
21 44
21 42
21 33
21 31
21 11
21 47
21 6
21 38
21 15
5 26
5 3
5 24
5 42
5 13
3 33
3 9
3 2
3 30
44 24
44 42
44 38
44 32
26 42
26 33
26 13
26 39
26 9
26 2
26 38
24 42
24 33
24 13
24 48
24 6
42 33
42 39
42 38
42 15
42 32
33 13
33 9
33 48
33 11
33 38
33 14
31 39
31 11
31 47
31 38
31 32
31 14
13 39
13 2
13 38
13 32
39 47
39 14
9 30
9 32
48 15
11 2
11 6
11 38
11 15
11 32
2 14
30 32
30 14
47 6
47 14
6 38
6 32
6 14
32 14
