50 1
20 23
20 19
20 49
20 18
20 39
20 38
20 31
20 27
20 42
20 48
20 28
20 15
20 41
20 32
20 9
20 16
20 21
20 22
23 17
23 38
23 5
23 44
23 24
23 37
23 46
23 15
23 9
23 13
23 25
23 16
23 45
23 2
23 26
17 31
17 8
17 18
17 40
17 35
17 30
17 48
17 36
17 11
17 34
17 33
17 16
17 45
17 22
38 40
38 31
38 49
38 1
38 27
38 44
38 29
38 43
38 41
38 50
38 25
38 5
38 26
38 7
38 22
38 12
38 3
31 42
31 28
31 4
31 19
31 40
31 35
31 44
31 29
31 37
31 46
31 43
31 15
31 47
31 33
31 25
31 16
31 3
19 24
19 18
19 39
19 27
19 44
19 48
19 36
19 4
19 34
19 10
19 16
19 21
19 22
49 39
49 35
49 27
49 42
49 48
49 37
49 43
49 11
49 10
49 6
49 14
18 1
18 27
18 29
18 14
18 39
18 44
18 30
18 42
18 28
18 37
18 46
18 41
18 47
18 50
18 33
18 25
18 16
18 45
18 2
18 22
39 35
39 48
39 30
39 37
39 46
39 34
39 15
39 47
39 9
39 50
39 13
39 14
40 33
40 27
40 44
40 30
40 28
40 4
40 47
40 9
40 13
40 5
40 16
40 45
40 7
40 22
40 3
35 44
35 30
35 11
35 24
35 42
35 48
35 36
35 46
35 13
35 33
35 21
35 2
35 26
35 22
35 14
1 28
1 36
1 4
1 34
1 41
1 32
1 9
1 25
1 5
1 6
1 21
1 26
1 7
1 3
27 26
27 30
27 42
27 37
27 36
27 11
27 9
27 25
27 16
27 2
27 22
44 24
44 42
44 48
44 15
44 41
44 32
44 50
44 13
44 10
44 45
44 26
44 3
30 46
30 24
30 42
30 36
30 15
30 47
30 9
30 5
30 26
30 12
30 3
24 7
24 12
24 36
24 34
24 8
24 5
24 45
24 2
24 22
24 3
42 34
42 16
42 48
42 37
42 36
42 4
42 11
42 15
42 32
42 5
42 6
42 45
42 22
29 9
29 48
29 36
29 34
29 15
29 8
29 32
29 33
29 5
29 21
29 7
29 12
29 14
48 36
48 46
48 41
48 5
48 6
48 7
48 22
48 12
48 3
48 14
28 37
28 43
28 50
28 46
28 11
28 34
28 15
28 8
28 47
28 25
28 45
28 7
28 12
37 13
37 6
37 36
37 4
37 11
37 34
37 15
37 25
37 5
37 16
37 2
37 12
37 3
36 41
36 11
36 47
36 9
36 5
36 45
36 7
46 9
46 25
46 5
46 16
46 6
46 45
46 3
46 14
4 47
4 43
4 15
4 41
4 5
4 6
4 21
4 26
4 7
43 22
43 34
43 15
43 8
43 47
43 9
43 16
43 14
11 32
11 45
11 8
11 6
11 21
11 7
11 22
34 15
34 9
34 5
34 21
34 26
34 12
15 8
15 32
15 13
15 16
15 12
15 3
8 50
8 13
8 10
8 25
8 16
8 2
8 12
41 10
41 32
41 9
41 33
41 25
41 16
41 6
41 45
41 22
41 3
32 25
32 16
32 7
47 25
47 13
47 10
47 33
47 6
9 50
9 33
9 25
9 5
9 21
9 45
9 2
9 3
9 14
50 25
50 16
13 10
13 2
13 26
13 3
10 5
10 16
10 2
10 3
33 2
33 25
33 6
33 26
33 22
25 21
25 26
5 2
5 3
16 21
16 45
16 14
6 45
6 22
6 12
6 3
21 26
21 3
21 14
45 2
45 26
45 3
45 14
2 12
2 14
26 3
26 12
7 22
22 14
12 14
