50 1
42 12
42 1
42 7
42 41
42 11
42 2
42 9
42 34
42 3
42 49
42 44
42 38
42 13
42 20
42 30
42 16
42 47
42 14
42 45
42 43
12 11
12 27
12 3
12 31
12 45
12 21
12 32
12 34
12 17
12 4
12 19
12 5
12 28
12 13
12 47
12 14
1 48
1 34
1 37
1 21
1 11
1 33
1 22
1 6
1 5
1 39
1 16
1 26
48 21
48 33
48 35
48 2
48 29
48 9
48 37
48 36
48 44
48 7
48 4
48 30
48 39
48 16
48 26
48 50
48 45
48 24
21 32
21 11
21 22
21 29
21 46
21 9
21 31
21 6
21 4
21 15
21 16
21 47
21 43
21 24
11 36
11 24
11 27
11 29
11 46
11 34
11 3
11 37
11 17
11 49
11 4
11 19
11 38
11 8
11 39
11 23
11 50
11 10
11 25
33 2
33 20
33 29
33 9
33 34
33 37
33 17
33 38
33 28
33 35
33 30
33 8
33 40
33 41
33 47
33 45
33 25
33 43
33 24
27 22
27 29
27 46
27 20
27 39
27 40
27 41
27 10
27 43
22 49
22 9
22 34
22 20
22 30
22 18
22 50
22 25
22 43
2 32
2 37
2 36
2 49
2 44
2 6
2 19
2 5
2 28
2 35
2 8
2 23
2 47
2 26
2 25
29 46
29 19
29 23
29 3
29 36
29 17
29 5
29 20
29 16
29 18
29 40
29 26
29 10
29 25
46 9
46 28
46 8
46 39
46 10
46 32
46 44
46 6
46 5
46 30
46 23
46 18
46 40
46 41
46 14
46 25
32 9
32 3
32 37
32 17
32 5
32 15
32 28
32 13
32 30
32 23
32 16
32 18
32 43
32 24
9 17
9 25
9 37
9 49
9 7
9 15
9 38
9 13
9 16
9 40
9 47
9 10
34 4
34 15
34 3
34 5
34 8
34 23
34 18
34 41
34 45
34 25
3 44
3 38
3 28
3 20
37 5
37 18
37 17
37 38
37 30
37 23
37 26
37 43
37 24
36 40
36 17
36 44
36 38
36 35
36 20
36 23
36 16
36 14
36 25
36 43
36 24
17 49
17 7
17 4
17 19
17 15
17 20
49 44
49 7
49 4
49 5
49 28
49 18
49 41
49 50
49 10
49 43
44 6
44 43
44 35
44 30
44 16
44 41
44 26
31 19
31 13
31 47
31 14
31 43
7 39
7 16
7 50
7 14
6 50
6 4
6 15
6 28
6 23
6 47
6 43
4 15
4 39
4 18
4 41
4 50
4 14
4 45
4 10
4 43
19 38
19 28
19 13
19 20
19 23
19 18
19 14
19 10
19 43
5 16
5 15
5 38
5 28
5 20
5 30
5 23
5 40
15 13
15 38
15 28
15 20
15 23
38 28
38 16
38 41
38 14
38 25
28 14
28 20
28 39
28 18
28 26
28 45
28 10
28 25
28 43
13 20
13 39
13 40
13 41
13 26
13 45
13 24
35 30
35 39
35 23
35 40
35 47
35 50
35 45
35 24
20 30
20 40
20 45
20 24
30 8
30 39
30 40
30 45
8 39
8 40
8 41
8 47
8 45
8 43
8 24
39 23
39 47
39 45
39 43
16 18
16 41
16 10
18 41
18 10
18 25
18 43
41 47
41 50
47 26
47 50
47 25
26 43
50 14
50 45
14 24
45 25
10 24
