50 1
14 23
14 29
14 39
14 6
14 48
14 11
14 1
14 28
14 50
14 9
14 47
14 35
14 41
14 45
14 18
14 2
14 7
23 50
23 29
23 28
23 12
23 43
23 22
23 13
23 48
23 21
23 9
23 47
23 8
23 42
23 18
23 38
23 26
23 27
29 17
29 49
29 28
29 30
29 38
29 39
29 1
29 19
29 43
29 16
29 40
29 48
29 32
29 8
29 41
29 42
29 18
39 11
39 3
39 28
39 22
39 32
39 9
39 47
39 8
39 35
39 45
39 27
39 20
39 7
11 7
11 19
11 34
11 3
11 50
11 40
11 31
11 25
11 21
11 47
11 41
11 45
11 42
11 18
11 44
11 46
11 33
17 34
17 28
17 30
17 22
17 40
17 15
17 38
17 27
17 4
49 1
49 34
49 24
49 18
49 28
49 30
49 36
49 31
49 15
49 41
49 26
49 2
49 20
49 33
1 19
1 22
1 13
1 40
1 32
1 21
1 47
1 15
1 18
1 38
1 10
1 44
1 26
1 4
19 3
19 21
19 50
19 13
19 5
19 6
19 36
19 40
19 25
19 32
19 41
19 45
19 44
19 20
34 12
34 37
34 3
34 16
34 6
34 36
34 31
34 25
34 8
34 35
34 15
34 38
34 27
34 2
34 20
34 33
3 13
3 16
3 5
3 6
3 36
3 25
3 37
3 47
3 8
3 45
3 42
3 26
3 2
3 46
3 33
28 43
28 16
28 50
28 22
28 5
28 32
28 42
28 18
28 27
28 4
28 20
50 47
50 15
50 40
50 48
50 9
50 8
50 18
50 46
12 36
12 25
12 32
12 9
12 8
12 15
12 42
12 38
12 7
12 46
12 33
30 31
30 25
30 9
30 48
30 37
30 42
30 38
30 27
30 4
30 46
43 36
43 41
43 44
43 22
43 40
43 31
43 21
43 47
43 8
43 45
43 18
43 4
43 7
24 42
24 13
24 16
24 5
24 40
24 31
24 48
24 21
24 15
24 26
24 46
22 5
22 40
22 32
22 2
22 16
22 21
22 18
22 7
22 46
13 5
13 6
13 31
13 25
13 21
13 35
13 41
13 45
13 18
13 10
13 26
13 4
13 2
13 7
13 46
16 5
16 37
16 45
16 44
16 20
16 46
5 6
5 40
5 35
5 15
5 4
5 20
5 7
6 35
6 4
6 40
6 42
6 27
6 2
6 20
6 7
36 8
36 48
36 25
36 9
36 41
36 33
40 31
40 21
40 41
40 10
40 27
40 4
40 20
40 46
31 32
31 41
31 44
31 27
48 32
48 9
48 8
48 45
48 42
48 44
25 47
25 42
25 44
25 26
25 27
32 15
32 45
32 4
32 33
37 33
37 27
37 2
37 20
37 46
21 27
21 9
21 35
21 42
21 44
21 26
21 2
21 46
9 8
9 35
9 27
9 4
9 20
9 33
47 20
47 46
47 41
47 44
8 35
8 38
8 26
8 27
8 4
8 2
8 20
35 10
35 2
15 10
15 7
41 45
41 38
41 44
41 26
41 27
41 4
41 7
45 26
45 42
45 18
45 44
42 27
42 20
18 10
18 44
18 26
18 27
18 46
38 4
38 2
38 7
38 33
10 26
44 26
44 27
44 20
26 27
26 46
27 2
27 33
4 33
2 7
