50 1
35 24
35 6
35 36
35 3
35 15
35 25
35 9
35 16
35 29
35 30
35 49
35 45
35 33
35 40
35 38
35 10
35 18
35 1
35 44
35 4
24 14
24 50
24 5
24 28
24 23
24 43
24 41
24 49
24 45
24 33
24 40
24 38
24 48
24 17
24 1
24 11
24 12
14 37
14 22
14 20
14 9
14 42
14 38
14 10
14 48
14 8
14 34
14 11
14 12
14 15
37 20
37 10
37 44
37 5
37 6
37 25
37 9
37 23
37 43
37 41
37 47
37 45
37 33
37 38
37 8
37 1
37 34
37 12
50 9
50 16
50 41
50 21
50 19
50 43
50 47
50 30
50 49
50 38
50 32
50 7
50 8
50 4
50 34
50 11
50 27
5 18
5 19
5 47
5 49
5 45
5 42
5 39
5 44
5 27
5 15
20 21
20 38
20 27
20 36
20 25
20 16
20 29
20 47
20 7
20 8
20 11
20 26
6 25
6 33
6 4
6 9
6 29
6 28
6 19
6 47
6 42
6 2
6 32
6 10
6 18
6 34
6 12
6 46
21 29
21 23
21 40
21 38
21 32
21 10
21 11
21 15
36 29
36 49
36 13
36 32
36 16
36 23
36 19
36 43
36 30
36 40
36 38
36 48
36 8
36 34
36 26
36 15
25 23
25 9
25 19
25 43
25 41
25 47
25 30
25 3
25 38
25 39
25 2
25 32
25 10
25 7
25 17
25 31
25 27
25 46
9 45
9 23
9 47
9 30
9 49
9 3
9 13
9 38
9 2
9 8
9 17
9 31
9 44
9 34
16 19
16 43
16 41
16 30
16 49
16 45
16 42
16 40
16 13
16 38
16 1
16 4
16 11
16 22
29 43
29 30
29 19
29 41
29 42
29 33
29 40
29 3
29 2
29 18
29 48
29 8
29 17
29 31
29 44
29 4
29 11
29 22
28 31
28 41
28 47
28 30
28 42
28 40
28 39
28 18
28 4
28 34
28 15
23 19
23 39
23 7
23 1
23 11
23 46
23 41
23 30
23 33
23 2
23 8
23 17
23 31
23 4
23 27
23 12
19 47
19 17
19 41
19 30
19 33
19 40
19 13
19 38
19 32
19 10
19 48
19 7
19 31
19 44
19 11
19 22
19 12
19 46
43 40
43 47
43 42
43 13
43 38
43 31
43 44
43 11
41 47
41 30
41 2
41 10
41 31
41 34
41 22
41 26
41 15
47 12
47 42
47 3
47 13
47 38
47 48
47 8
47 17
47 4
47 34
47 27
30 2
30 45
30 33
30 13
30 38
30 7
49 33
49 32
49 48
49 7
49 31
49 4
49 27
49 12
49 15
45 42
45 2
45 18
45 15
42 26
42 2
42 18
42 48
42 4
42 11
33 13
33 2
33 18
33 48
33 7
33 8
33 17
33 31
33 44
33 46
33 15
40 8
40 34
40 38
40 18
40 7
40 11
40 27
3 38
3 39
3 7
3 22
3 27
13 38
13 17
13 31
13 44
13 4
13 46
13 15
38 2
38 32
38 10
38 8
38 4
38 11
38 27
38 12
39 10
39 48
39 1
39 44
39 11
39 27
39 12
2 48
2 31
2 11
2 46
2 15
32 48
32 1
32 31
32 4
32 12
32 46
32 15
10 17
10 44
10 34
10 11
10 27
10 26
18 48
18 8
18 1
18 31
18 11
18 46
18 26
48 1
48 15
7 31
7 4
7 34
7 27
7 12
7 15
8 4
17 1
17 31
17 4
17 34
17 11
17 27
1 31
1 44
1 34
31 34
31 11
31 12
31 26
44 26
44 15
4 27
4 15
34 27
34 46
11 27
11 15
22 12
22 15
27 15
46 15
26 15
