50 1
38 46
38 50
38 7
38 16
38 45
38 10
38 37
38 28
38 31
38 44
38 30
38 49
38 35
38 6
38 19
38 3
38 21
38 24
38 26
38 11
38 17
38 2
38 48
38 32
38 25
38 34
38 43
46 10
46 37
46 28
46 13
46 49
46 19
46 22
46 17
46 39
46 1
46 42
46 27
46 25
46 40
10 28
10 33
10 31
10 20
10 18
10 14
10 16
10 49
10 35
10 6
10 21
10 11
10 12
10 45
10 4
10 8
10 41
10 47
10 48
10 43
37 9
37 43
37 50
37 44
37 16
37 19
37 21
37 24
37 26
37 11
37 17
37 12
37 41
37 47
37 48
37 25
37 40
9 44
9 30
9 35
9 13
9 49
9 3
9 23
9 21
9 39
9 15
9 47
9 2
9 48
9 25
9 34
9 40
9 43
28 19
28 3
28 11
28 31
28 49
28 6
28 18
28 29
28 22
28 17
28 4
28 41
28 1
28 32
33 6
33 50
33 44
33 7
33 16
33 18
33 19
33 3
33 22
33 24
33 39
33 41
33 42
50 31
50 13
50 18
50 19
50 22
50 21
50 24
50 26
50 17
50 45
50 14
50 36
50 48
50 1
50 32
31 2
31 16
31 13
31 6
31 23
31 22
31 39
31 36
31 41
31 1
31 32
31 42
31 25
44 23
44 30
44 19
44 3
44 14
44 41
44 47
44 2
44 43
7 21
7 24
7 6
7 19
7 23
7 26
7 12
7 45
7 15
7 36
7 5
7 8
7 1
7 32
7 27
7 40
16 13
16 49
16 30
16 18
16 29
16 21
16 17
16 4
16 36
16 5
16 41
16 2
16 1
16 42
16 27
16 43
30 26
30 36
30 13
30 6
30 19
30 22
30 24
30 45
30 2
30 48
30 1
30 42
13 5
13 35
13 18
13 4
13 34
49 48
49 29
49 26
49 15
49 41
49 32
49 34
35 15
35 6
35 18
35 19
35 21
35 26
35 11
35 2
35 42
35 34
20 8
20 6
20 29
20 19
20 21
20 12
20 45
20 5
20 47
20 1
20 32
20 34
20 40
20 43
6 29
6 22
6 23
6 26
6 12
6 15
6 36
6 41
6 1
6 32
6 25
6 34
18 29
18 19
18 24
18 26
18 12
18 4
18 5
18 41
18 47
18 2
18 40
18 43
29 17
29 25
29 3
29 45
29 15
29 36
29 5
29 8
29 42
29 34
29 40
19 23
19 26
19 12
19 14
19 15
19 36
19 5
19 8
19 41
19 47
19 2
19 1
19 42
19 27
19 25
3 41
3 23
3 24
3 26
3 39
3 12
3 36
3 47
23 22
23 24
23 11
23 8
23 47
23 27
22 4
22 11
22 17
22 12
22 8
22 47
22 48
22 1
22 43
21 39
21 1
21 11
21 12
21 14
21 5
21 41
21 47
21 42
21 34
24 39
24 4
24 8
24 47
24 48
24 27
24 34
24 43
26 42
26 40
26 15
26 4
26 1
26 27
26 25
26 43
11 12
11 36
11 8
11 41
11 47
11 27
11 43
17 12
17 14
17 15
17 41
17 48
17 32
17 27
39 41
39 2
12 15
12 48
12 42
12 27
12 34
45 14
45 8
45 41
45 47
45 42
45 25
45 40
45 43
14 15
14 5
14 8
14 32
14 43
15 47
15 36
15 48
15 1
15 34
4 5
4 8
4 2
4 32
4 25
36 32
36 41
36 2
36 42
36 27
5 2
8 2
8 32
8 25
8 43
41 27
41 47
41 2
41 32
41 42
41 34
41 43
47 48
47 42
47 40
47 43
2 34
2 42
2 27
2 43
48 32
48 43
32 27
32 40
42 25
42 40
25 34
