50 1
37 36
37 15
37 39
37 29
37 13
37 33
37 31
37 2
37 19
37 34
37 38
37 46
37 27
37 40
37 42
37 21
37 45
36 39
36 44
36 23
36 6
36 41
36 20
36 13
36 35
36 11
36 49
36 38
36 50
36 46
36 8
36 40
36 47
36 28
36 45
39 32
39 6
39 48
39 31
39 23
39 25
39 22
39 5
39 2
39 11
39 49
39 50
39 46
39 27
39 9
39 15
39 30
39 1
39 21
32 20
32 25
32 19
32 48
32 29
32 23
32 22
32 33
32 31
32 35
32 43
32 16
32 50
32 46
32 27
32 10
32 26
6 29
6 41
6 14
6 31
6 43
6 16
6 38
6 40
6 42
6 47
6 17
6 21
6 28
48 41
48 47
48 29
48 20
48 4
48 5
48 33
48 31
48 43
48 19
48 50
48 46
48 27
48 8
48 45
29 11
29 41
29 25
29 31
29 7
29 49
29 16
29 46
29 15
29 30
29 1
29 17
29 3
29 28
41 4
41 22
41 12
41 43
41 19
41 38
41 50
41 9
41 15
41 18
41 45
44 23
44 20
44 13
44 4
44 43
44 50
44 46
44 27
44 8
44 9
44 40
23 13
23 2
23 31
23 7
23 35
23 49
23 34
23 27
23 9
23 40
23 47
23 18
23 10
20 49
20 34
20 45
20 25
20 4
20 22
20 24
20 19
20 11
20 27
20 9
20 42
20 1
20 26
25 33
25 40
25 4
25 14
25 7
25 12
25 24
25 11
25 34
25 16
25 46
25 8
25 30
25 17
25 21
13 22
13 33
13 7
13 43
13 19
13 11
13 16
13 50
13 46
13 40
4 5
4 28
4 35
4 2
4 43
4 24
4 19
4 11
4 46
4 3
22 14
22 35
22 12
22 8
22 5
22 31
22 2
22 43
22 19
22 11
22 49
22 34
22 50
22 9
22 40
22 42
22 1
22 21
22 26
14 38
14 46
14 9
14 10
14 31
14 2
14 43
14 19
14 11
14 34
5 7
5 35
5 49
5 50
5 15
5 42
5 30
5 3
5 28
5 18
5 10
33 43
33 24
33 16
33 35
33 38
33 46
33 27
33 17
33 10
33 26
31 7
31 2
31 11
31 34
31 38
31 9
31 15
31 42
31 17
7 30
7 24
7 19
7 11
7 49
7 16
7 8
7 9
7 15
7 42
7 21
7 3
7 18
35 18
35 2
35 43
35 11
35 46
35 40
35 1
35 17
35 3
12 27
12 43
12 49
12 34
12 38
12 40
12 47
12 21
12 28
12 26
2 3
2 11
2 38
2 9
2 30
2 1
2 17
43 50
43 24
43 49
43 38
43 8
43 42
43 28
24 1
24 8
24 21
19 49
19 16
19 46
19 9
19 1
19 3
19 10
11 34
11 46
11 9
11 1
11 10
11 26
49 38
49 9
49 40
49 47
49 28
49 10
34 9
34 15
34 1
34 45
16 27
16 40
16 15
16 47
16 17
16 21
16 28
16 18
16 26
38 27
38 17
38 28
38 45
38 10
38 26
50 27
50 40
50 42
50 1
50 3
50 28
50 10
46 40
46 3
46 18
27 15
27 47
27 21
27 18
27 45
27 10
8 45
9 15
9 3
40 42
40 17
40 21
40 3
40 45
40 26
15 42
15 30
15 17
15 21
15 18
42 21
42 1
42 3
42 28
42 18
30 1
30 45
47 1
47 21
47 10
1 17
17 26
17 18
21 28
21 45
3 45
3 10
28 45
28 26
18 26
45 26
