50 1
18 47
18 27
18 38
18 16
18 43
18 26
18 1
18 48
18 46
18 7
18 15
18 28
18 20
18 6
18 8
18 3
18 19
18 41
18 40
18 49
18 2
18 45
18 34
18 25
18 11
18 23
18 17
47 46
47 38
47 29
47 7
47 31
47 5
47 39
47 1
47 22
47 49
47 37
47 45
47 32
47 34
47 25
47 11
46 15
46 28
46 45
46 29
46 7
46 43
46 6
46 44
46 35
46 10
46 17
27 50
27 36
27 12
27 38
27 7
27 28
27 6
27 13
27 3
27 19
27 48
27 22
27 49
27 34
27 25
27 23
38 29
38 20
38 16
38 12
38 24
38 13
38 8
38 44
38 1
38 4
38 2
38 34
16 19
16 31
16 5
16 13
16 26
16 8
16 44
16 1
16 33
16 40
16 45
16 34
16 25
29 42
29 14
29 28
29 43
29 5
29 6
29 8
29 44
29 35
29 40
29 49
29 37
29 32
29 23
29 17
42 7
42 12
42 24
42 5
42 13
42 8
42 1
42 35
42 48
42 25
42 23
50 30
50 36
50 20
50 6
50 39
50 44
50 1
50 49
50 10
50 17
36 24
36 31
36 7
36 12
36 5
36 13
36 39
36 8
36 44
36 41
36 37
36 34
36 17
7 11
7 12
7 24
7 20
7 6
7 26
7 44
7 30
7 1
7 4
7 35
7 33
7 40
7 45
7 10
7 23
12 8
12 22
12 21
12 1
12 3
12 19
12 41
12 33
12 40
12 49
12 34
12 25
12 11
24 21
24 10
24 15
24 14
24 28
24 13
24 44
24 1
24 19
24 4
24 40
24 9
24 37
24 45
24 32
24 25
24 11
15 14
15 28
15 21
15 6
15 39
15 8
15 48
15 22
15 45
15 32
15 34
15 17
14 5
14 39
14 28
14 44
14 30
14 1
14 3
14 48
14 45
14 32
14 34
14 11
14 10
14 23
28 6
28 5
28 20
28 39
28 1
28 33
28 22
28 32
28 25
28 11
28 23
21 20
21 13
21 39
21 26
21 35
21 40
21 9
21 11
21 23
43 35
43 33
43 5
43 13
43 39
43 26
43 1
43 3
43 4
43 49
43 37
43 2
43 23
31 34
31 20
31 1
31 48
31 9
31 2
31 45
31 25
31 11
31 23
5 13
5 2
5 20
5 4
5 35
5 33
5 45
5 32
5 25
20 6
20 39
20 30
20 33
20 22
20 40
20 9
20 49
20 45
20 25
20 10
6 26
6 44
6 30
6 19
6 37
6 45
6 11
13 26
13 44
13 3
13 41
13 4
13 22
13 45
13 25
13 17
39 41
39 44
39 1
39 3
39 33
39 22
39 37
39 2
39 45
39 32
39 17
26 44
26 1
26 3
26 19
26 33
26 22
26 9
26 49
26 45
26 32
26 34
8 4
8 32
8 23
8 3
8 35
8 48
8 49
8 37
8 2
8 17
44 37
44 33
44 9
44 10
30 48
30 40
30 49
30 32
30 34
1 3
1 19
1 33
1 48
1 22
1 49
1 37
1 32
1 34
1 25
3 4
3 35
3 33
3 22
3 17
19 35
19 33
19 48
19 49
19 37
19 32
19 11
19 10
19 17
41 35
41 22
41 40
41 2
41 45
41 11
41 10
41 23
4 9
4 37
4 45
4 23
35 49
35 37
35 2
35 32
33 11
48 40
48 25
48 23
22 2
22 34
22 25
22 17
40 49
40 25
40 2
40 34
9 37
9 2
9 32
9 25
49 17
49 32
49 34
37 45
37 34
37 11
37 10
2 11
2 10
45 34
32 34
34 25
34 11
25 10
