50 1
39 9
39 14
39 6
39 26
39 32
39 29
39 18
39 21
39 43
39 45
39 3
39 44
9 42
9 13
9 36
9 27
9 22
9 33
9 31
9 24
9 30
9 17
9 28
9 49
9 4
9 18
9 11
9 43
9 15
9 47
9 5
42 1
42 21
42 11
42 13
42 12
42 36
42 30
42 49
42 37
42 43
42 20
42 7
42 3
42 5
1 12
1 13
1 36
1 26
1 50
1 31
1 22
1 30
1 17
1 49
1 38
1 18
1 43
1 25
1 15
1 47
1 33
1 48
1 3
13 6
13 23
13 26
13 27
13 32
13 41
13 24
13 22
13 17
13 29
13 49
13 38
13 37
13 25
13 15
13 34
13 20
13 16
13 40
13 3
13 2
12 27
12 26
12 31
12 30
12 10
12 43
12 15
12 20
12 7
12 45
12 3
12 8
12 44
6 32
6 23
6 27
6 26
6 41
6 10
6 4
6 40
6 7
6 45
6 2
14 46
14 25
14 36
14 23
14 32
14 50
14 22
14 30
14 10
14 17
14 4
14 47
14 20
14 45
14 44
36 31
36 28
36 49
36 38
36 45
36 41
36 30
36 19
36 47
36 48
36 40
36 3
36 8
23 26
23 41
23 22
23 30
23 10
23 29
23 46
23 4
23 18
23 15
23 34
23 19
23 20
23 33
23 40
23 3
27 24
27 10
27 26
27 50
27 31
27 41
27 38
27 18
27 19
27 47
27 33
27 16
27 40
26 50
26 17
26 31
26 35
26 38
26 18
26 15
26 34
26 47
26 20
26 40
26 8
32 47
32 29
32 35
32 4
32 15
32 33
32 40
32 44
50 41
50 30
50 10
50 28
50 29
50 38
50 37
50 18
50 25
50 34
50 19
50 48
50 16
50 45
50 2
31 18
31 24
31 22
31 29
31 38
31 21
31 34
31 48
31 16
31 7
31 45
31 8
31 5
41 30
41 19
41 22
41 49
41 18
41 21
41 25
41 47
41 40
41 7
41 44
41 2
41 5
24 2
24 17
24 4
24 37
24 21
24 43
24 20
24 16
24 8
24 5
22 40
22 30
22 28
22 29
22 49
22 11
22 47
22 7
22 8
30 46
30 49
30 18
30 47
30 48
30 16
30 40
30 7
30 3
30 44
30 5
10 38
10 43
10 34
10 47
10 3
10 8
10 2
17 29
17 35
17 49
17 38
17 21
17 25
17 15
17 47
17 48
17 40
28 43
28 4
28 37
28 34
28 19
28 2
29 21
29 11
29 43
29 34
29 19
29 20
29 33
29 16
29 44
29 5
46 35
46 4
46 34
46 16
46 37
46 21
46 43
46 15
46 33
46 40
46 7
46 45
46 3
46 44
35 7
35 49
35 38
35 37
35 18
35 34
35 20
35 33
35 16
35 45
49 37
49 11
38 4
38 21
38 43
38 25
38 15
38 20
38 48
4 20
4 43
4 47
4 48
4 16
4 45
4 8
4 2
37 47
37 20
37 48
37 3
37 44
37 5
18 3
18 48
18 45
21 11
21 43
21 34
21 33
21 48
21 40
21 7
21 8
21 5
11 15
11 34
11 19
11 48
11 3
11 8
11 2
43 3
43 5
25 47
25 33
15 44
15 19
15 47
15 48
15 8
15 5
34 20
34 40
34 7
19 48
19 20
47 20
47 33
47 7
47 3
20 16
33 3
33 2
33 5
48 16
48 3
48 8
16 8
16 44
16 5
40 8
40 45
40 3
40 44
40 2
40 5
8 2
8 5
44 5
2 5
