50 1
7 5
7 28
7 25
7 14
7 9
7 10
7 26
7 6
7 22
7 36
7 34
7 44
7 37
7 4
7 29
7 15
7 18
7 23
5 9
5 19
5 46
5 38
5 49
5 10
5 48
5 36
5 2
5 14
5 34
5 13
5 35
5 45
5 32
5 4
5 18
28 27
28 16
28 30
28 19
28 33
28 47
28 14
28 38
28 13
28 45
28 41
28 24
28 32
28 42
27 1
27 25
27 10
27 48
27 6
27 31
27 44
27 20
27 35
27 43
27 37
27 29
27 40
1 21
1 36
1 34
1 25
1 19
1 26
1 39
1 14
1 38
1 20
1 49
1 13
1 35
1 24
1 32
1 42
1 15
16 31
16 44
16 23
16 9
16 33
16 39
16 22
16 34
16 38
16 13
16 17
16 40
16 15
16 11
21 30
21 10
21 26
21 48
21 47
21 46
21 39
21 36
21 3
21 12
21 45
21 43
21 32
21 11
30 6
30 2
30 20
30 12
30 17
30 42
30 4
30 9
30 48
30 39
30 22
30 14
30 35
30 32
30 40
30 23
30 11
25 3
25 35
25 10
25 33
25 36
25 34
25 38
25 12
25 43
25 42
25 40
25 23
9 33
9 22
9 26
9 46
9 47
9 14
9 3
9 12
9 43
9 50
9 29
9 18
9 23
9 11
19 48
19 46
19 22
19 36
19 3
19 49
19 13
19 35
19 41
19 37
19 24
19 17
19 42
19 15
10 26
10 48
10 6
10 8
10 36
10 12
10 50
10 32
10 17
10 29
10 40
10 18
33 37
33 26
33 46
33 6
33 39
33 36
33 34
33 44
33 38
33 49
33 45
33 41
33 43
33 4
33 40
33 23
33 11
26 39
26 31
26 36
26 14
26 24
26 17
48 41
48 8
48 39
48 36
48 49
48 37
48 24
48 32
48 29
48 15
46 8
46 32
46 36
46 44
46 49
46 24
46 42
46 40
46 15
46 23
46 11
6 44
6 20
6 12
6 43
6 32
6 40
6 18
6 23
6 11
8 31
8 3
8 44
8 13
8 43
8 29
8 23
31 13
31 18
31 11
31 2
31 50
31 42
31 4
31 29
39 35
39 45
39 42
39 4
39 40
39 23
22 29
22 15
22 2
22 3
22 38
22 35
22 17
22 42
36 24
36 47
36 44
36 38
36 20
36 41
36 40
36 11
47 2
47 38
47 49
47 12
47 42
47 4
47 15
47 11
2 45
2 44
2 4
2 18
14 3
14 34
14 13
14 45
14 4
14 29
14 40
14 23
14 11
3 50
3 20
3 49
3 13
3 35
3 43
3 24
3 4
3 40
3 18
3 23
34 43
34 44
34 49
34 12
34 13
34 35
34 17
34 40
34 11
44 38
44 12
44 35
44 50
44 17
44 18
38 35
38 43
38 50
38 42
38 15
38 18
38 23
20 49
20 45
20 50
20 24
20 29
20 15
20 18
49 37
49 50
49 24
49 32
49 17
49 40
49 23
12 50
12 29
12 15
13 50
13 40
13 18
13 23
35 45
35 41
35 37
35 50
35 42
35 4
35 29
45 32
45 40
45 23
45 11
41 17
41 15
43 29
43 40
43 15
37 24
37 23
50 32
50 42
50 29
24 29
24 15
24 11
32 17
32 42
32 40
32 15
32 23
17 40
17 18
42 40
42 15
42 18
4 29
4 23
40 15
40 18
15 11
18 11
