50 1
23 36
23 7
23 13
23 45
23 2
23 37
23 11
23 32
23 49
23 33
23 22
23 10
23 4
23 42
23 1
23 19
23 43
23 6
23 34
36 11
36 29
36 10
36 7
36 13
36 38
36 32
36 3
36 14
36 26
36 16
36 1
36 20
36 30
36 34
7 46
7 41
7 48
7 31
7 14
7 26
7 40
7 18
7 29
7 9
7 24
7 49
7 12
7 17
7 2
7 27
7 42
7 16
7 20
7 30
7 35
46 5
46 13
46 50
46 11
46 47
46 17
46 2
46 3
46 42
46 26
46 20
46 19
46 21
13 40
13 18
13 38
13 11
13 8
13 24
13 49
13 10
13 14
13 4
13 16
13 1
13 30
13 6
13 35
13 44
40 50
40 11
40 32
40 5
40 9
40 49
40 12
40 2
40 22
40 3
40 20
40 28
40 34
40 35
50 49
50 1
50 11
50 29
50 5
50 9
50 39
50 17
50 2
50 3
50 26
50 16
50 19
50 43
50 28
50 35
50 15
41 38
41 12
41 37
41 32
41 29
41 5
41 9
41 25
41 26
41 1
41 20
41 30
41 19
41 28
18 32
18 24
18 35
18 48
18 11
18 14
18 16
18 1
18 20
18 43
18 15
18 44
38 8
38 44
38 48
38 29
38 9
38 39
38 24
38 4
38 20
38 35
48 37
48 47
48 17
48 11
48 45
48 29
48 5
48 8
48 49
48 12
48 31
48 2
48 33
48 22
48 27
48 42
48 19
48 35
48 15
48 44
37 45
37 29
37 22
37 3
37 10
37 27
37 14
37 4
37 26
37 16
37 20
37 30
37 28
37 6
37 21
11 5
11 24
11 2
11 10
11 27
11 4
11 26
11 1
11 20
11 21
32 29
32 5
32 25
32 17
32 2
32 33
32 10
32 26
32 1
32 20
32 35
32 15
32 44
45 39
45 20
45 47
45 25
45 26
45 16
45 19
45 6
45 34
45 21
29 39
29 24
29 33
29 22
29 1
29 30
29 43
29 6
29 15
5 9
5 8
5 47
5 3
5 4
5 1
5 20
9 3
9 15
9 47
9 17
9 2
9 42
9 16
9 20
9 30
9 28
9 21
9 44
39 8
39 49
39 31
39 33
39 22
39 3
39 27
39 16
39 43
39 28
39 35
39 21
39 15
8 42
8 31
8 22
8 27
8 26
8 16
47 27
47 43
47 25
47 17
47 3
47 42
47 19
47 6
47 35
47 15
24 25
24 17
24 3
24 10
24 27
24 4
24 20
24 19
24 43
24 6
24 21
24 44
49 17
49 22
49 10
49 4
49 26
49 16
49 1
49 19
49 21
49 15
12 16
12 2
12 3
12 14
12 30
31 22
31 17
31 27
31 42
31 19
31 28
25 33
25 14
25 4
25 16
25 1
25 19
25 28
25 6
17 33
17 27
17 14
17 42
17 26
17 1
17 43
17 28
17 15
2 14
2 26
2 1
2 30
2 19
2 43
2 35
33 10
33 27
33 14
33 42
33 19
33 28
22 30
22 42
22 6
22 21
22 15
22 44
3 4
3 6
3 21
10 14
10 30
10 19
10 34
10 15
10 44
27 19
27 28
27 4
27 42
27 26
27 20
27 43
27 34
14 42
14 26
14 16
14 30
14 6
14 34
4 26
4 20
4 30
4 19
4 43
4 28
42 1
42 20
42 35
42 15
26 20
26 28
16 34
16 1
1 20
1 30
1 28
1 6
1 21
1 15
20 19
20 34
20 35
20 15
20 44
30 6
30 43
30 15
19 43
19 28
19 6
19 34
19 35
19 15
19 44
43 28
43 6
43 34
43 35
28 34
28 21
6 34
6 35
6 21
6 15
34 21
34 44
35 21
21 44
