50 1
28 29
28 22
28 9
28 46
28 4
28 49
28 36
28 33
28 19
28 8
28 39
28 13
28 1
28 10
28 3
28 16
28 26
28 17
29 37
29 24
29 30
29 36
29 42
29 27
29 17
29 49
29 2
29 10
29 45
29 47
29 3
29 16
29 41
29 11
29 14
37 43
37 40
37 49
37 3
37 2
37 38
37 48
37 1
37 26
37 32
37 21
37 17
37 11
37 18
24 4
24 33
24 40
24 30
24 46
24 50
24 36
24 6
24 7
24 23
24 34
24 19
24 39
24 13
24 10
24 15
24 5
43 26
43 22
43 9
43 30
43 4
43 49
43 36
43 7
43 34
43 8
43 48
43 45
43 20
43 32
43 21
43 17
22 39
22 40
22 25
22 42
22 33
22 38
22 31
22 27
22 45
22 47
22 5
9 23
9 30
9 4
9 49
9 42
9 33
9 39
9 27
9 48
9 47
9 41
9 32
40 49
40 6
40 7
40 2
40 34
40 38
40 19
40 13
40 32
30 46
30 50
30 31
30 27
30 35
30 10
30 45
30 32
30 14
30 18
46 16
46 12
46 6
46 38
46 44
46 48
46 1
46 10
46 41
46 21
46 11
46 14
4 50
4 7
4 36
4 6
4 2
4 34
4 27
4 10
4 45
4 47
4 26
4 5
4 14
4 18
49 34
49 31
49 25
49 7
49 33
49 44
49 1
49 35
49 12
49 21
49 17
49 18
50 38
50 19
50 44
50 27
50 35
50 47
50 11
50 18
36 25
36 6
36 2
36 8
36 15
36 10
36 47
36 12
36 32
36 11
25 38
25 44
25 48
25 42
25 23
25 33
25 19
25 1
25 41
25 20
25 26
25 32
25 21
25 17
25 14
6 7
6 2
6 34
6 38
6 44
6 13
6 48
6 1
6 35
6 3
6 16
6 5
6 21
6 17
7 47
7 38
7 44
7 13
7 45
7 41
7 15
7 12
7 5
7 14
7 18
42 34
42 38
42 19
42 27
42 48
42 1
42 35
42 10
42 26
42 12
42 17
2 8
2 31
2 13
2 48
2 1
2 35
2 10
2 3
2 16
2 15
2 26
2 12
2 5
2 18
23 19
23 34
23 13
23 47
23 16
23 41
33 10
33 8
33 13
33 1
33 35
33 47
33 20
33 26
33 12
33 11
33 14
34 35
34 8
34 13
34 3
34 16
34 20
34 14
38 20
38 39
38 27
38 13
38 41
38 12
38 17
38 14
19 21
19 8
19 48
19 10
19 41
19 26
19 32
19 5
19 18
8 1
8 47
8 15
8 26
8 12
8 17
44 13
44 1
44 31
44 39
44 27
44 41
44 32
44 21
44 11
44 14
31 13
31 35
31 41
31 17
31 11
39 13
39 10
39 47
39 41
39 15
39 32
27 45
27 13
27 35
27 10
27 16
27 41
27 15
27 26
27 32
27 14
13 35
13 45
13 3
13 16
13 11
13 18
48 26
48 21
1 35
1 10
1 3
1 16
1 41
1 26
1 5
1 17
1 11
35 3
35 41
35 15
35 26
35 12
35 32
35 21
35 17
10 47
10 15
10 26
10 21
10 14
45 16
45 41
45 20
45 21
45 17
45 14
45 18
47 20
47 26
47 32
47 5
47 17
47 11
3 41
3 5
3 11
3 20
3 26
3 12
16 41
16 15
16 32
16 5
16 17
16 18
41 32
41 21
15 32
15 17
15 11
20 26
20 12
26 18
26 12
26 21
26 14
12 32
12 21
32 14
32 21
5 18
11 14
11 18
14 18
